4696990.00000000,723994.00000000,4239678.00000000,20785809.82000000,7714434.29100000,14987890.38000000
4696990.00000000,723994.00000000,4239678.00000000,11035907.65000000,12157024.53000000,20863646.80000000
4696990.00000000,723994.00000000,4239678.00000000,18366468.08000000,1116594.94400000,18916244.34000000
4696990.00000000,723994.00000000,4239678.00000000,18137057.07000000,-1610199.07100000,19215441.45000000
4164313.50000000,803525.40000000,4748474.60000000,25553879.88000000,-6347398.96200000,3437309.35400000
4164313.50000000,803525.40000000,4748474.60000000,20785809.82000000,7714434.29100000,14987890.38000000
4164313.50000000,803525.40000000,4748474.60000000,11035907.65000000,12157024.53000000,20863646.80000000
4164313.50000000,803525.40000000,4748474.60000000,18366468.08000000,1116594.94400000,18916244.34000000
4164313.50000000,803525.40000000,4748474.60000000,18137057.07000000,-1610199.07100000,19215441.45000000
4164313.50000000,803525.40000000,4748474.60000000,25973170.65000000,1847434.84100000,5370303.12100000
4466283.50000000,1896166.75000000,4126096.68000000,15515091.81000000,-14612692.03000000,15909591.68000000
4466283.50000000,1896166.75000000,4126096.68000000,20785809.82000000,7714434.29100000,14987890.38000000
4466283.50000000,1896166.75000000,4126096.68000000,18366468.08000000,1116594.94400000,18916244.34000000
4466283.50000000,1896166.75000000,4126096.68000000,18137057.07000000,-1610199.07100000,19215441.45000000
4349466.00000000,326196.00000000,4638521.00000000,20785809.82000000,7714434.29100000,14987890.38000000
4349466.00000000,326196.00000000,4638521.00000000,11035907.65000000,12157024.53000000,20863646.80000000
4349466.00000000,326196.00000000,4638521.00000000,18366468.08000000,1116594.94400000,18916244.34000000
4349466.00000000,326196.00000000,4638521.00000000,18137057.07000000,-1610199.07100000,19215441.45000000
4614667.00000000,430786.00000000,4367411.00000000,20785809.82000000,7714434.29100000,14987890.38000000
4614667.00000000,430786.00000000,4367411.00000000,11035907.65000000,12157024.53000000,20863646.80000000
4614667.00000000,430786.00000000,4367411.00000000,18366468.08000000,1116594.94400000,18916244.34000000
4614667.00000000,430786.00000000,4367411.00000000,18137057.07000000,-1610199.07100000,19215441.45000000
4614667.00000000,430786.00000000,4367411.00000000,25973170.65000000,1847434.84100000,5370303.12100000
4042497.93000000,612081.42000000,4879251.04000000,25553879.88000000,-6347398.96200000,3437309.35400000
4042497.93000000,612081.42000000,4879251.04000000,20785809.82000000,7714434.29100000,14987890.38000000
4042497.93000000,612081.42000000,4879251.04000000,11035907.65000000,12157024.53000000,20863646.80000000
4042497.93000000,612081.42000000,4879251.04000000,18366468.08000000,1116594.94400000,18916244.34000000
4042497.93000000,612081.42000000,4879251.04000000,18137057.07000000,-1610199.07100000,19215441.45000000
4042497.93000000,612081.42000000,4879251.04000000,25973170.65000000,1847434.84100000,5370303.12100000
3945840.20000000,1720428.10000000,4691082.60000000,15515091.81000000,-14612692.03000000,15909591.68000000
3945840.20000000,1720428.10000000,4691082.60000000,25553879.88000000,-6347398.96200000,3437309.35400000
3945840.20000000,1720428.10000000,4691082.60000000,20785809.82000000,7714434.29100000,14987890.38000000
3945840.20000000,1720428.10000000,4691082.60000000,18366468.08000000,1116594.94400000,18916244.34000000
3945840.20000000,1720428.10000000,4691082.60000000,18137057.07000000,-1610199.07100000,19215441.45000000
3945840.20000000,1720428.10000000,4691082.60000000,25973170.65000000,1847434.84100000,5370303.12100000
4788065.00000000,167551.00000000,4196355.00000000,20785809.82000000,7714434.29100000,14987890.38000000
4788065.00000000,167551.00000000,4196355.00000000,11035907.65000000,12157024.53000000,20863646.80000000
4788065.00000000,167551.00000000,4196355.00000000,18366468.08000000,1116594.94400000,18916244.34000000
4788065.00000000,167551.00000000,4196355.00000000,18137057.07000000,-1610199.07100000,19215441.45000000
4775849.00000000,116814.00000000,4213018.00000000,20785809.82000000,7714434.29100000,14987890.38000000
4775849.00000000,116814.00000000,4213018.00000000,11035907.65000000,12157024.53000000,20863646.80000000
4775849.00000000,116814.00000000,4213018.00000000,18366468.08000000,1116594.94400000,18916244.34000000
4775849.00000000,116814.00000000,4213018.00000000,18137057.07000000,-1610199.07100000,19215441.45000000
3898946.10000000,1223993.20000000,4881826.40000000,25553879.88000000,-6347398.96200000,3437309.35400000
3898946.10000000,1223993.20000000,4881826.40000000,20785809.82000000,7714434.29100000,14987890.38000000
3898946.10000000,1223993.20000000,4881826.40000000,11035907.65000000,12157024.53000000,20863646.80000000
3898946.10000000,1223993.20000000,4881826.40000000,18366468.08000000,1116594.94400000,18916244.34000000
3898946.10000000,1223993.20000000,4881826.40000000,18137057.07000000,-1610199.07100000,19215441.45000000
3898946.10000000,1223993.20000000,4881826.40000000,25973170.65000000,1847434.84100000,5370303.12100000
3633815.70000000,1397453.90000000,5035280.80000000,15515091.81000000,-14612692.03000000,15909591.68000000
3633815.70000000,1397453.90000000,5035280.80000000,25553879.88000000,-6347398.96200000,3437309.35400000
3633815.70000000,1397453.90000000,5035280.80000000,20785809.82000000,7714434.29100000,14987890.38000000
3633815.70000000,1397453.90000000,5035280.80000000,18366468.08000000,1116594.94400000,18916244.34000000
3633815.70000000,1397453.90000000,5035280.80000000,18137057.07000000,-1610199.07100000,19215441.45000000
3633815.70000000,1397453.90000000,5035280.80000000,25973170.65000000,1847434.84100000,5370303.12100000
3633739.30000000,1397433.90000000,5035353.30000000,15515091.81000000,-14612692.03000000,15909591.68000000
3633739.30000000,1397433.90000000,5035353.30000000,25553879.88000000,-6347398.96200000,3437309.35400000
3633739.30000000,1397433.90000000,5035353.30000000,20785809.82000000,7714434.29100000,14987890.38000000
3633739.30000000,1397433.90000000,5035353.30000000,18366468.08000000,1116594.94400000,18916244.34000000
3633739.30000000,1397433.90000000,5035353.30000000,18137057.07000000,-1610199.07100000,19215441.45000000
3633739.30000000,1397433.90000000,5035353.30000000,25973170.65000000,1847434.84100000,5370303.12100000
4467541.09000000,897307.28000000,4447975.11000000,20785809.82000000,7714434.29100000,14987890.38000000
4467541.09000000,897307.28000000,4447975.11000000,11035907.65000000,12157024.53000000,20863646.80000000
4467541.09000000,897307.28000000,4447975.11000000,18366468.08000000,1116594.94400000,18916244.34000000
4467541.09000000,897307.28000000,4447975.11000000,18137057.07000000,-1610199.07100000,19215441.45000000
4467541.09000000,897307.28000000,4447975.11000000,25973170.65000000,1847434.84100000,5370303.12100000
3738358.83000000,1148173.96000000,5021816.11000000,25553879.88000000,-6347398.96200000,3437309.35400000
3738358.83000000,1148173.96000000,5021816.11000000,20785809.82000000,7714434.29100000,14987890.38000000
3738358.83000000,1148173.96000000,5021816.11000000,11035907.65000000,12157024.53000000,20863646.80000000
3738358.83000000,1148173.96000000,5021816.11000000,18366468.08000000,1116594.94400000,18916244.34000000
3738358.83000000,1148173.96000000,5021816.11000000,18137057.07000000,-1610199.07100000,19215441.45000000
3738358.83000000,1148173.96000000,5021816.11000000,25973170.65000000,1847434.84100000,5370303.12100000
3769403.10000000,440564.10000000,5109099.00000000,20785809.82000000,7714434.29100000,14987890.38000000
3769403.10000000,440564.10000000,5109099.00000000,11035907.65000000,12157024.53000000,20863646.80000000
3769403.10000000,440564.10000000,5109099.00000000,18366468.08000000,1116594.94400000,18916244.34000000
3769403.10000000,440564.10000000,5109099.00000000,18137057.07000000,-1610199.07100000,19215441.45000000
3615990.00000000,1544391.00000000,5005374.00000000,15515091.81000000,-14612692.03000000,15909591.68000000
3615990.00000000,1544391.00000000,5005374.00000000,25553879.88000000,-6347398.96200000,3437309.35400000
3615990.00000000,1544391.00000000,5005374.00000000,20785809.82000000,7714434.29100000,14987890.38000000
3615990.00000000,1544391.00000000,5005374.00000000,18366468.08000000,1116594.94400000,18916244.34000000
3615990.00000000,1544391.00000000,5005374.00000000,18137057.07000000,-1610199.07100000,19215441.45000000
3615990.00000000,1544391.00000000,5005374.00000000,25973170.65000000,1847434.84100000,5370303.12100000
4443793.00000000,383967.20000000,4544228.60000000,20785809.82000000,7714434.29100000,14987890.38000000
4443793.00000000,383967.20000000,4544228.60000000,11035907.65000000,12157024.53000000,20863646.80000000
4443793.00000000,383967.20000000,4544228.60000000,18366468.08000000,1116594.94400000,18916244.34000000
4443793.00000000,383967.20000000,4544228.60000000,18137057.07000000,-1610199.07100000,19215441.45000000
4027881.63000000,306998.54000000,4919498.98000000,20785809.82000000,7714434.29100000,14987890.38000000
4027881.63000000,306998.54000000,4919498.98000000,11035907.65000000,12157024.53000000,20863646.80000000
4027881.63000000,306998.54000000,4919498.98000000,18366468.08000000,1116594.94400000,18916244.34000000
4027881.63000000,306998.54000000,4919498.98000000,18137057.07000000,-1610199.07100000,19215441.45000000
4314139.00000000,452626.00000000,4660703.00000000,20785809.82000000,7714434.29100000,14987890.38000000
4314139.00000000,452626.00000000,4660703.00000000,11035907.65000000,12157024.53000000,20863646.80000000
4314139.00000000,452626.00000000,4660703.00000000,18366468.08000000,1116594.94400000,18916244.34000000
4314139.00000000,452626.00000000,4660703.00000000,18137057.07000000,-1610199.07100000,19215441.45000000
3513638.30000000,778956.36000000,5248216.42000000,25553879.88000000,-6347398.96200000,3437309.35400000
3513638.30000000,778956.36000000,5248216.42000000,20785809.82000000,7714434.29100000,14987890.38000000
3513638.30000000,778956.36000000,5248216.42000000,11035907.65000000,12157024.53000000,20863646.80000000
3513638.30000000,778956.36000000,5248216.42000000,18366468.08000000,1116594.94400000,18916244.34000000
3513638.30000000,778956.36000000,5248216.42000000,18137057.07000000,-1610199.07100000,19215441.45000000
3513638.30000000,778956.36000000,5248216.42000000,25973170.65000000,1847434.84100000,5370303.12100000
4081882.42000000,1410011.13000000,4678199.42000000,15515091.81000000,-14612692.03000000,15909591.68000000
4081882.42000000,1410011.13000000,4678199.42000000,25553879.88000000,-6347398.96200000,3437309.35400000
4081882.42000000,1410011.13000000,4678199.42000000,20785809.82000000,7714434.29100000,14987890.38000000
4081882.42000000,1410011.13000000,4678199.42000000,18366468.08000000,1116594.94400000,18916244.34000000
4081882.42000000,1410011.13000000,4678199.42000000,18137057.07000000,-1610199.07100000,19215441.45000000
4081882.42000000,1410011.13000000,4678199.42000000,25973170.65000000,1847434.84100000,5370303.12100000
3647217.00000000,1184604.00000000,5079625.00000000,25553879.88000000,-6347398.96200000,3437309.35400000
3647217.00000000,1184604.00000000,5079625.00000000,20785809.82000000,7714434.29100000,14987890.38000000
3647217.00000000,1184604.00000000,5079625.00000000,18366468.08000000,1116594.94400000,18916244.34000000
3647217.00000000,1184604.00000000,5079625.00000000,18137057.07000000,-1610199.07100000,19215441.45000000
3647217.00000000,1184604.00000000,5079625.00000000,25973170.65000000,1847434.84100000,5370303.12100000
4312657.75000000,864634.31000000,4603844.05000000,25553879.88000000,-6347398.96200000,3437309.35400000
4312657.75000000,864634.31000000,4603844.05000000,20785809.82000000,7714434.29100000,14987890.38000000
4312657.75000000,864634.31000000,4603844.05000000,11035907.65000000,12157024.53000000,20863646.80000000
4312657.75000000,864634.31000000,4603844.05000000,18366468.08000000,1116594.94400000,18916244.34000000
4312657.75000000,864634.31000000,4603844.05000000,18137057.07000000,-1610199.07100000,19215441.45000000
4312657.75000000,864634.31000000,4603844.05000000,25973170.65000000,1847434.84100000,5370303.12100000
4885053.77000000,783346.33000000,4012043.34000000,20785809.82000000,7714434.29100000,14987890.38000000
4885053.77000000,783346.33000000,4012043.34000000,11035907.65000000,12157024.53000000,20863646.80000000
4885053.77000000,783346.33000000,4012043.34000000,18366468.08000000,1116594.94400000,18916244.34000000
4885053.77000000,783346.33000000,4012043.34000000,18137057.07000000,-1610199.07100000,19215441.45000000
4227250.78000000,1247280.62000000,4595193.32000000,25553879.88000000,-6347398.96200000,3437309.35400000
4227250.78000000,1247280.62000000,4595193.32000000,20785809.82000000,7714434.29100000,14987890.38000000
4227250.78000000,1247280.62000000,4595193.32000000,11035907.65000000,12157024.53000000,20863646.80000000
4227250.78000000,1247280.62000000,4595193.32000000,18366468.08000000,1116594.94400000,18916244.34000000
4227250.78000000,1247280.62000000,4595193.32000000,18137057.07000000,-1610199.07100000,19215441.45000000
4227250.78000000,1247280.62000000,4595193.32000000,25973170.65000000,1847434.84100000,5370303.12100000
3924573.26000000,1301971.08000000,4840464.42000000,25553879.88000000,-6347398.96200000,3437309.35400000
3924573.26000000,1301971.08000000,4840464.42000000,20785809.82000000,7714434.29100000,14987890.38000000
3924573.26000000,1301971.08000000,4840464.42000000,18366468.08000000,1116594.94400000,18916244.34000000
3924573.26000000,1301971.08000000,4840464.42000000,18137057.07000000,-1610199.07100000,19215441.45000000
3924573.26000000,1301971.08000000,4840464.42000000,25973170.65000000,1847434.84100000,5370303.12100000
3903195.49000000,1050232.28000000,4917869.73000000,25553879.88000000,-6347398.96200000,3437309.35400000
3903195.49000000,1050232.28000000,4917869.73000000,20785809.82000000,7714434.29100000,14987890.38000000
3903195.49000000,1050232.28000000,4917869.73000000,11035907.65000000,12157024.53000000,20863646.80000000
3903195.49000000,1050232.28000000,4917869.73000000,18366468.08000000,1116594.94400000,18916244.34000000
3903195.49000000,1050232.28000000,4917869.73000000,18137057.07000000,-1610199.07100000,19215441.45000000
3903195.49000000,1050232.28000000,4917869.73000000,25973170.65000000,1847434.84100000,5370303.12100000
4398306.15000000,704150.02000000,4550154.77000000,25553879.88000000,-6347398.96200000,3437309.35400000
4398306.15000000,704150.02000000,4550154.77000000,20785809.82000000,7714434.29100000,14987890.38000000
4398306.15000000,704150.02000000,4550154.77000000,11035907.65000000,12157024.53000000,20863646.80000000
4398306.15000000,704150.02000000,4550154.77000000,18366468.08000000,1116594.94400000,18916244.34000000
4398306.15000000,704150.02000000,4550154.77000000,18137057.07000000,-1610199.07100000,19215441.45000000
4398306.15000000,704150.02000000,4550154.77000000,25973170.65000000,1847434.84100000,5370303.12100000
3949919.12000000,1116467.15000000,4865832.52000000,25553879.88000000,-6347398.96200000,3437309.35400000
3949919.12000000,1116467.15000000,4865832.52000000,20785809.82000000,7714434.29100000,14987890.38000000
3949919.12000000,1116467.15000000,4865832.52000000,11035907.65000000,12157024.53000000,20863646.80000000
3949919.12000000,1116467.15000000,4865832.52000000,18366468.08000000,1116594.94400000,18916244.34000000
3949919.12000000,1116467.15000000,4865832.52000000,18137057.07000000,-1610199.07100000,19215441.45000000
3949919.12000000,1116467.15000000,4865832.52000000,25973170.65000000,1847434.84100000,5370303.12100000
3982251.40000000,972921.28000000,4870394.76000000,25553879.88000000,-6347398.96200000,3437309.35400000
3982251.40000000,972921.28000000,4870394.76000000,20785809.82000000,7714434.29100000,14987890.38000000
3982251.40000000,972921.28000000,4870394.76000000,11035907.65000000,12157024.53000000,20863646.80000000
3982251.40000000,972921.28000000,4870394.76000000,18366468.08000000,1116594.94400000,18916244.34000000
3982251.40000000,972921.28000000,4870394.76000000,18137057.07000000,-1610199.07100000,19215441.45000000
3982251.40000000,972921.28000000,4870394.76000000,25973170.65000000,1847434.84100000,5370303.12100000
4715420.00000000,273177.00000000,4271946.00000000,20785809.82000000,7714434.29100000,14987890.38000000
4715420.00000000,273177.00000000,4271946.00000000,11035907.65000000,12157024.53000000,20863646.80000000
4715420.00000000,273177.00000000,4271946.00000000,18366468.08000000,1116594.94400000,18916244.34000000
4715420.00000000,273177.00000000,4271946.00000000,18137057.07000000,-1610199.07100000,19215441.45000000
3924687.74000000,301132.77000000,5001910.80000000,20785809.82000000,7714434.29100000,14987890.38000000
3924687.74000000,301132.77000000,5001910.80000000,11035907.65000000,12157024.53000000,20863646.80000000
3924687.74000000,301132.77000000,5001910.80000000,18366468.08000000,1116594.94400000,18916244.34000000
3924687.74000000,301132.77000000,5001910.80000000,18137057.07000000,-1610199.07100000,19215441.45000000
4020711.60000000,238850.99000000,4928949.57000000,20785809.82000000,7714434.29100000,14987890.38000000
4020711.60000000,238850.99000000,4928949.57000000,11035907.65000000,12157024.53000000,20863646.80000000
4020711.60000000,238850.99000000,4928949.57000000,18366468.08000000,1116594.94400000,18916244.34000000
4020711.60000000,238850.99000000,4928949.57000000,18137057.07000000,-1610199.07100000,19215441.45000000
4097210.90000000,1731870.20000000,4556026.60000000,15515091.81000000,-14612692.03000000,15909591.68000000
4097210.90000000,1731870.20000000,4556026.60000000,25553879.88000000,-6347398.96200000,3437309.35400000
4097210.90000000,1731870.20000000,4556026.60000000,20785809.82000000,7714434.29100000,14987890.38000000
4097210.90000000,1731870.20000000,4556026.60000000,18366468.08000000,1116594.94400000,18916244.34000000
4097210.90000000,1731870.20000000,4556026.60000000,18137057.07000000,-1610199.07100000,19215441.45000000
4097210.90000000,1731870.20000000,4556026.60000000,25973170.65000000,1847434.84100000,5370303.12100000
3842153.21000000,563401.58000000,5042888.38000000,20785809.82000000,7714434.29100000,14987890.38000000
3842153.21000000,563401.58000000,5042888.38000000,11035907.65000000,12157024.53000000,20863646.80000000
3842153.21000000,563401.58000000,5042888.38000000,18366468.08000000,1116594.94400000,18916244.34000000
3842153.21000000,563401.58000000,5042888.38000000,18137057.07000000,-1610199.07100000,19215441.45000000
3842153.21000000,563401.58000000,5042888.38000000,25973170.65000000,1847434.84100000,5370303.12100000
4132892.48000000,485479.06000000,4817740.36000000,20785809.82000000,7714434.29100000,14987890.38000000
4132892.48000000,485479.06000000,4817740.36000000,11035907.65000000,12157024.53000000,20863646.80000000
4132892.48000000,485479.06000000,4817740.36000000,18366468.08000000,1116594.94400000,18916244.34000000
4132892.48000000,485479.06000000,4817740.36000000,18137057.07000000,-1610199.07100000,19215441.45000000
3924697.94000000,301124.89000000,5001905.15000000,20785809.82000000,7714434.29100000,14987890.38000000
3924697.94000000,301124.89000000,5001905.15000000,11035907.65000000,12157024.53000000,20863646.80000000
3924697.94000000,301124.89000000,5001905.15000000,18366468.08000000,1116594.94400000,18916244.34000000
3924697.94000000,301124.89000000,5001905.15000000,18137057.07000000,-1610199.07100000,19215441.45000000
4086778.26000000,328451.86000000,4869782.54000000,20785809.82000000,7714434.29100000,14987890.38000000
4086778.26000000,328451.86000000,4869782.54000000,11035907.65000000,12157024.53000000,20863646.80000000
4086778.26000000,328451.86000000,4869782.54000000,18366468.08000000,1116594.94400000,18916244.34000000
4086778.26000000,328451.86000000,4869782.54000000,18137057.07000000,-1610199.07100000,19215441.45000000
4465939.00000000,1460594.00000000,4299291.00000000,15515091.81000000,-14612692.03000000,15909591.68000000
4465939.00000000,1460594.00000000,4299291.00000000,20785809.82000000,7714434.29100000,14987890.38000000
4465939.00000000,1460594.00000000,4299291.00000000,11035907.65000000,12157024.53000000,20863646.80000000
4465939.00000000,1460594.00000000,4299291.00000000,18366468.08000000,1116594.94400000,18916244.34000000
4465939.00000000,1460594.00000000,4299291.00000000,18137057.07000000,-1610199.07100000,19215441.45000000
4595220.02000000,2039434.09000000,3912625.99000000,15515091.81000000,-14612692.03000000,15909591.68000000
4595220.02000000,2039434.09000000,3912625.99000000,20785809.82000000,7714434.29100000,14987890.38000000
4595220.02000000,2039434.09000000,3912625.99000000,18366468.08000000,1116594.94400000,18916244.34000000
4595220.02000000,2039434.09000000,3912625.99000000,18137057.07000000,-1610199.07100000,19215441.45000000
4833520.00000000,41536.00000000,4147461.00000000,20785809.82000000,7714434.29100000,14987890.38000000
4833520.00000000,41536.00000000,4147461.00000000,11035907.65000000,12157024.53000000,20863646.80000000
4833520.00000000,41536.00000000,4147461.00000000,18366468.08000000,1116594.94400000,18916244.34000000
4483373.66000000,160636.51000000,4519408.93000000,20785809.82000000,7714434.29100000,14987890.38000000
4483373.66000000,160636.51000000,4519408.93000000,11035907.65000000,12157024.53000000,20863646.80000000
4483373.66000000,160636.51000000,4519408.93000000,18366468.08000000,1116594.94400000,18916244.34000000
4483373.66000000,160636.51000000,4519408.93000000,18137057.07000000,-1610199.07100000,19215441.45000000
4616531.67000000,831568.43000000,4307569.07000000,20785809.82000000,7714434.29100000,14987890.38000000
4616531.67000000,831568.43000000,4307569.07000000,11035907.65000000,12157024.53000000,20863646.80000000
4616531.67000000,831568.43000000,4307569.07000000,18366468.08000000,1116594.94400000,18916244.34000000
4616531.67000000,831568.43000000,4307569.07000000,18137057.07000000,-1610199.07100000,19215441.45000000
4192710.00000000,562398.00000000,4757685.00000000,20785809.82000000,7714434.29100000,14987890.38000000
4192710.00000000,562398.00000000,4757685.00000000,11035907.65000000,12157024.53000000,20863646.80000000
4192710.00000000,562398.00000000,4757685.00000000,18366468.08000000,1116594.94400000,18916244.34000000
4192710.00000000,562398.00000000,4757685.00000000,18137057.07000000,-1610199.07100000,19215441.45000000
4696265.00000000,79978.00000000,4304244.00000000,20785809.82000000,7714434.29100000,14987890.38000000
4696265.00000000,79978.00000000,4304244.00000000,11035907.65000000,12157024.53000000,20863646.80000000
4696265.00000000,79978.00000000,4304244.00000000,18366468.08000000,1116594.94400000,18916244.34000000
4696265.00000000,79978.00000000,4304244.00000000,25973170.65000000,1847434.84100000,5370303.12100000
4022106.37000000,477010.95000000,4910840.64000000,20785809.82000000,7714434.29100000,14987890.38000000
4022106.37000000,477010.95000000,4910840.64000000,11035907.65000000,12157024.53000000,20863646.80000000
4022106.37000000,477010.95000000,4910840.64000000,18366468.08000000,1116594.94400000,18916244.34000000
4022106.37000000,477010.95000000,4910840.64000000,18137057.07000000,-1610199.07100000,19215441.45000000
3929181.90000000,1455236.50000000,4793653.80000000,15515091.81000000,-14612692.03000000,15909591.68000000
3929181.90000000,1455236.50000000,4793653.80000000,25553879.88000000,-6347398.96200000,3437309.35400000
3929181.90000000,1455236.50000000,4793653.80000000,20785809.82000000,7714434.29100000,14987890.38000000
3929181.90000000,1455236.50000000,4793653.80000000,18366468.08000000,1116594.94400000,18916244.34000000
3929181.90000000,1455236.50000000,4793653.80000000,18137057.07000000,-1610199.07100000,19215441.45000000
3929181.90000000,1455236.50000000,4793653.80000000,25973170.65000000,1847434.84100000,5370303.12100000
4439514.00000000,963867.00000000,4461922.00000000,20785809.82000000,7714434.29100000,14987890.38000000
4439514.00000000,963867.00000000,4461922.00000000,11035907.65000000,12157024.53000000,20863646.80000000
4439514.00000000,963867.00000000,4461922.00000000,18366468.08000000,1116594.94400000,18916244.34000000
4439514.00000000,963867.00000000,4461922.00000000,18137057.07000000,-1610199.07100000,19215441.45000000
4439514.00000000,963867.00000000,4461922.00000000,25973170.65000000,1847434.84100000,5370303.12100000
4507890.27000000,707618.97000000,4441603.01000000,20785809.82000000,7714434.29100000,14987890.38000000
4507890.27000000,707618.97000000,4441603.01000000,11035907.65000000,12157024.53000000,20863646.80000000
4507890.27000000,707618.97000000,4441603.01000000,18366468.08000000,1116594.94400000,18916244.34000000
4507890.27000000,707618.97000000,4441603.01000000,18137057.07000000,-1610199.07100000,19215441.45000000
4507890.27000000,707618.97000000,4441603.01000000,25973170.65000000,1847434.84100000,5370303.12100000
3979319.62000000,1050311.94000000,4857064.38000000,25553879.88000000,-6347398.96200000,3437309.35400000
3979319.62000000,1050311.94000000,4857064.38000000,20785809.82000000,7714434.29100000,14987890.38000000
3979319.62000000,1050311.94000000,4857064.38000000,11035907.65000000,12157024.53000000,20863646.80000000
3979319.62000000,1050311.94000000,4857064.38000000,18366468.08000000,1116594.94400000,18916244.34000000
3979319.62000000,1050311.94000000,4857064.38000000,18137057.07000000,-1610199.07100000,19215441.45000000
3979319.62000000,1050311.94000000,4857064.38000000,25973170.65000000,1847434.84100000,5370303.12100000
3979316.13000000,1050312.48000000,4857067.11000000,25553879.88000000,-6347398.96200000,3437309.35400000
3979316.13000000,1050312.48000000,4857067.11000000,20785809.82000000,7714434.29100000,14987890.38000000
3979316.13000000,1050312.48000000,4857067.11000000,11035907.65000000,12157024.53000000,20863646.80000000
3979316.13000000,1050312.48000000,4857067.11000000,18366468.08000000,1116594.94400000,18916244.34000000
3979316.13000000,1050312.48000000,4857067.11000000,18137057.07000000,-1610199.07100000,19215441.45000000
3979316.13000000,1050312.48000000,4857067.11000000,25973170.65000000,1847434.84100000,5370303.12100000
3767160.11000000,756145.21000000,5073920.13000000,25553879.88000000,-6347398.96200000,3437309.35400000
3767160.11000000,756145.21000000,5073920.13000000,20785809.82000000,7714434.29100000,14987890.38000000
3767160.11000000,756145.21000000,5073920.13000000,11035907.65000000,12157024.53000000,20863646.80000000
3767160.11000000,756145.21000000,5073920.13000000,18366468.08000000,1116594.94400000,18916244.34000000
3767160.11000000,756145.21000000,5073920.13000000,18137057.07000000,-1610199.07100000,19215441.45000000
3767160.11000000,756145.21000000,5073920.13000000,25973170.65000000,1847434.84100000,5370303.12100000
4581708.63000000,556132.23000000,4389340.93000000,20785809.82000000,7714434.29100000,14987890.38000000
4581708.63000000,556132.23000000,4389340.93000000,11035907.65000000,12157024.53000000,20863646.80000000
4581708.63000000,556132.23000000,4389340.93000000,18366468.08000000,1116594.94400000,18916244.34000000
4581708.63000000,556132.23000000,4389340.93000000,18137057.07000000,-1610199.07100000,19215441.45000000
4581690.81000000,556114.97000000,4389360.88000000,20785809.82000000,7714434.29100000,14987890.38000000
4581690.81000000,556114.97000000,4389360.88000000,11035907.65000000,12157024.53000000,20863646.80000000
4581690.81000000,556114.97000000,4389360.88000000,18366468.08000000,1116594.94400000,18916244.34000000
4581690.81000000,556114.97000000,4389360.88000000,18137057.07000000,-1610199.07100000,19215441.45000000
4194423.94000000,1162702.59000000,4647245.33000000,25553879.88000000,-6347398.96200000,3437309.35400000
4194423.94000000,1162702.59000000,4647245.33000000,20785809.82000000,7714434.29100000,14987890.38000000
4194423.94000000,1162702.59000000,4647245.33000000,11035907.65000000,12157024.53000000,20863646.80000000
4194423.94000000,1162702.59000000,4647245.33000000,18366468.08000000,1116594.94400000,18916244.34000000
4194423.94000000,1162702.59000000,4647245.33000000,18137057.07000000,-1610199.07100000,19215441.45000000
4194423.94000000,1162702.59000000,4647245.33000000,25973170.65000000,1847434.84100000,5370303.12100000
4292609.81000000,1113638.99000000,4569215.39000000,25553879.88000000,-6347398.96200000,3437309.35400000
4292609.81000000,1113638.99000000,4569215.39000000,20785809.82000000,7714434.29100000,14987890.38000000
4292609.81000000,1113638.99000000,4569215.39000000,11035907.65000000,12157024.53000000,20863646.80000000
4292609.81000000,1113638.99000000,4569215.39000000,18366468.08000000,1116594.94400000,18916244.34000000
4292609.81000000,1113638.99000000,4569215.39000000,18137057.07000000,-1610199.07100000,19215441.45000000
4292609.81000000,1113638.99000000,4569215.39000000,25973170.65000000,1847434.84100000,5370303.12100000
3734526.00000000,1015013.00000000,5053043.00000000,25553879.88000000,-6347398.96200000,3437309.35400000
3734526.00000000,1015013.00000000,5053043.00000000,20785809.82000000,7714434.29100000,14987890.38000000
3734526.00000000,1015013.00000000,5053043.00000000,11035907.65000000,12157024.53000000,20863646.80000000
3734526.00000000,1015013.00000000,5053043.00000000,18366468.08000000,1116594.94400000,18916244.34000000
3734526.00000000,1015013.00000000,5053043.00000000,18137057.07000000,-1610199.07100000,19215441.45000000
3734526.00000000,1015013.00000000,5053043.00000000,25973170.65000000,1847434.84100000,5370303.12100000
3464660.83000000,845747.15000000,5270269.15000000,25553879.88000000,-6347398.96200000,3437309.35400000
3464660.83000000,845747.15000000,5270269.15000000,20785809.82000000,7714434.29100000,14987890.38000000
3464660.83000000,845747.15000000,5270269.15000000,11035907.65000000,12157024.53000000,20863646.80000000
3464660.83000000,845747.15000000,5270269.15000000,18366468.08000000,1116594.94400000,18916244.34000000
3464660.83000000,845747.15000000,5270269.15000000,18137057.07000000,-1610199.07100000,19215441.45000000
3464660.83000000,845747.15000000,5270269.15000000,25973170.65000000,1847434.84100000,5370303.12100000
3705183.20000000,512589.50000000,5148980.60000000,20785809.82000000,7714434.29100000,14987890.38000000
3705183.20000000,512589.50000000,5148980.60000000,11035907.65000000,12157024.53000000,20863646.80000000
3705183.20000000,512589.50000000,5148980.60000000,18366468.08000000,1116594.94400000,18916244.34000000
3705183.20000000,512589.50000000,5148980.60000000,18137057.07000000,-1610199.07100000,19215441.45000000
3706067.27000000,513803.75000000,5148174.30000000,20785809.82000000,7714434.29100000,14987890.38000000
3706067.27000000,513803.75000000,5148174.30000000,11035907.65000000,12157024.53000000,20863646.80000000
3706067.27000000,513803.75000000,5148174.30000000,18366468.08000000,1116594.94400000,18916244.34000000
3706067.27000000,513803.75000000,5148174.30000000,18137057.07000000,-1610199.07100000,19215441.45000000
4033471.33000000,23667.86000000,4924300.35000000,20785809.82000000,7714434.29100000,14987890.38000000
4033471.33000000,23667.86000000,4924300.35000000,11035907.65000000,12157024.53000000,20863646.80000000
4033471.33000000,23667.86000000,4924300.35000000,18366468.08000000,1116594.94400000,18916244.34000000
4033461.04000000,23537.66000000,4924318.17000000,20785809.82000000,7714434.29100000,14987890.38000000
4033461.04000000,23537.66000000,4924318.17000000,11035907.65000000,12157024.53000000,20863646.80000000
4033461.04000000,23537.66000000,4924318.17000000,18366468.08000000,1116594.94400000,18916244.34000000
3778220.10000000,698635.22000000,5074054.03000000,25553879.88000000,-6347398.96200000,3437309.35400000
3778220.10000000,698635.22000000,5074054.03000000,20785809.82000000,7714434.29100000,14987890.38000000
3778220.10000000,698635.22000000,5074054.03000000,11035907.65000000,12157024.53000000,20863646.80000000
3778220.10000000,698635.22000000,5074054.03000000,18366468.08000000,1116594.94400000,18916244.34000000
3778220.10000000,698635.22000000,5074054.03000000,18137057.07000000,-1610199.07100000,19215441.45000000
3778220.10000000,698635.22000000,5074054.03000000,25973170.65000000,1847434.84100000,5370303.12100000
3994172.08000000,839949.18000000,4885561.92000000,25553879.88000000,-6347398.96200000,3437309.35400000
3994172.08000000,839949.18000000,4885561.92000000,20785809.82000000,7714434.29100000,14987890.38000000
3994172.08000000,839949.18000000,4885561.92000000,11035907.65000000,12157024.53000000,20863646.80000000
3994172.08000000,839949.18000000,4885561.92000000,18366468.08000000,1116594.94400000,18916244.34000000
3994172.08000000,839949.18000000,4885561.92000000,18137057.07000000,-1610199.07100000,19215441.45000000
3994172.08000000,839949.18000000,4885561.92000000,25973170.65000000,1847434.84100000,5370303.12100000
4967979.70000000,125662.83000000,3984692.56000000,20785809.82000000,7714434.29100000,14987890.38000000
4967979.70000000,125662.83000000,3984692.56000000,11035907.65000000,12157024.53000000,20863646.80000000
4967979.70000000,125662.83000000,3984692.56000000,18366468.08000000,1116594.94400000,18916244.34000000
4967979.70000000,125662.83000000,3984692.56000000,18137057.07000000,-1610199.07100000,19215441.45000000
4476537.40000000,600431.46000000,4488761.34000000,20785809.82000000,7714434.29100000,14987890.38000000
4476537.40000000,600431.46000000,4488761.34000000,11035907.65000000,12157024.53000000,20863646.80000000
4476537.40000000,600431.46000000,4488761.34000000,18366468.08000000,1116594.94400000,18916244.34000000
4476537.40000000,600431.46000000,4488761.34000000,18137057.07000000,-1610199.07100000,19215441.45000000
4476537.40000000,600431.46000000,4488761.34000000,25973170.65000000,1847434.84100000,5370303.12100000
4523251.08000000,896760.23000000,4391796.49000000,20785809.82000000,7714434.29100000,14987890.38000000
4523251.08000000,896760.23000000,4391796.49000000,11035907.65000000,12157024.53000000,20863646.80000000
4523251.08000000,896760.23000000,4391796.49000000,18366468.08000000,1116594.94400000,18916244.34000000
4523251.08000000,896760.23000000,4391796.49000000,18137057.07000000,-1610199.07100000,19215441.45000000
4523251.08000000,896760.23000000,4391796.49000000,25973170.65000000,1847434.84100000,5370303.12100000
3882053.27000000,309346.21000000,5034330.23000000,20785809.82000000,7714434.29100000,14987890.38000000
3882053.27000000,309346.21000000,5034330.23000000,11035907.65000000,12157024.53000000,20863646.80000000
3882053.27000000,309346.21000000,5034330.23000000,18366468.08000000,1116594.94400000,18916244.34000000
3882053.27000000,309346.21000000,5034330.23000000,18137057.07000000,-1610199.07100000,19215441.45000000
3309994.36000000,828938.43000000,5370879.86000000,25553879.88000000,-6347398.96200000,3437309.35400000
3309994.36000000,828938.43000000,5370879.86000000,20785809.82000000,7714434.29100000,14987890.38000000
3309994.36000000,828938.43000000,5370879.86000000,11035907.65000000,12157024.53000000,20863646.80000000
3309994.36000000,828938.43000000,5370879.86000000,18366468.08000000,1116594.94400000,18916244.34000000
3309994.36000000,828938.43000000,5370879.86000000,18137057.07000000,-1610199.07100000,19215441.45000000
3309994.36000000,828938.43000000,5370879.86000000,25973170.65000000,1847434.84100000,5370303.12100000
3664881.00000000,1409190.00000000,5009618.00000000,15515091.81000000,-14612692.03000000,15909591.68000000
3664881.00000000,1409190.00000000,5009618.00000000,25553879.88000000,-6347398.96200000,3437309.35400000
3664881.00000000,1409190.00000000,5009618.00000000,20785809.82000000,7714434.29100000,14987890.38000000
3664881.00000000,1409190.00000000,5009618.00000000,18366468.08000000,1116594.94400000,18916244.34000000
3664881.00000000,1409190.00000000,5009618.00000000,18137057.07000000,-1610199.07100000,19215441.45000000
3664881.00000000,1409190.00000000,5009618.00000000,25973170.65000000,1847434.84100000,5370303.12100000
3664940.50000000,1409153.59000000,5009571.17000000,15515091.81000000,-14612692.03000000,15909591.68000000
3664940.50000000,1409153.59000000,5009571.17000000,25553879.88000000,-6347398.96200000,3437309.35400000
3664940.50000000,1409153.59000000,5009571.17000000,20785809.82000000,7714434.29100000,14987890.38000000
3664940.50000000,1409153.59000000,5009571.17000000,18366468.08000000,1116594.94400000,18916244.34000000
3664940.50000000,1409153.59000000,5009571.17000000,18137057.07000000,-1610199.07100000,19215441.45000000
3664940.50000000,1409153.59000000,5009571.17000000,25973170.65000000,1847434.84100000,5370303.12100000
3160760.44000000,759158.92000000,5469347.04000000,25553879.88000000,-6347398.96200000,3437309.35400000
3160760.44000000,759158.92000000,5469347.04000000,20785809.82000000,7714434.29100000,14987890.38000000
3160760.44000000,759158.92000000,5469347.04000000,11035907.65000000,12157024.53000000,20863646.80000000
3160760.44000000,759158.92000000,5469347.04000000,18366468.08000000,1116594.94400000,18916244.34000000
3160760.44000000,759158.92000000,5469347.04000000,18137057.07000000,-1610199.07100000,19215441.45000000
3160760.44000000,759158.92000000,5469347.04000000,25973170.65000000,1847434.84100000,5370303.12100000
4146524.65000000,613137.82000000,4791516.95000000,25553879.88000000,-6347398.96200000,3437309.35400000
4146524.65000000,613137.82000000,4791516.95000000,20785809.82000000,7714434.29100000,14987890.38000000
4146524.65000000,613137.82000000,4791516.95000000,11035907.65000000,12157024.53000000,20863646.80000000
4146524.65000000,613137.82000000,4791516.95000000,18366468.08000000,1116594.94400000,18916244.34000000
4146524.65000000,613137.82000000,4791516.95000000,18137057.07000000,-1610199.07100000,19215441.45000000
4146524.65000000,613137.82000000,4791516.95000000,25973170.65000000,1847434.84100000,5370303.12100000
3862992.00000000,1332823.00000000,4881105.00000000,25553879.88000000,-6347398.96200000,3437309.35400000
3862992.00000000,1332823.00000000,4881105.00000000,20785809.82000000,7714434.29100000,14987890.38000000
3862992.00000000,1332823.00000000,4881105.00000000,18366468.08000000,1116594.94400000,18916244.34000000
3862992.00000000,1332823.00000000,4881105.00000000,18137057.07000000,-1610199.07100000,19215441.45000000
3862992.00000000,1332823.00000000,4881105.00000000,25973170.65000000,1847434.84100000,5370303.12100000
4041875.73000000,620655.06000000,4878636.61000000,25553879.88000000,-6347398.96200000,3437309.35400000
4041875.73000000,620655.06000000,4878636.61000000,20785809.82000000,7714434.29100000,14987890.38000000
4041875.73000000,620655.06000000,4878636.61000000,11035907.65000000,12157024.53000000,20863646.80000000
4041875.73000000,620655.06000000,4878636.61000000,18366468.08000000,1116594.94400000,18916244.34000000
4041875.73000000,620655.06000000,4878636.61000000,18137057.07000000,-1610199.07100000,19215441.45000000
4041875.73000000,620655.06000000,4878636.61000000,25973170.65000000,1847434.84100000,5370303.12100000
4284174.97000000,1753166.35000000,4373521.60000000,15515091.81000000,-14612692.03000000,15909591.68000000
4284174.97000000,1753166.35000000,4373521.60000000,20785809.82000000,7714434.29100000,14987890.38000000
4284174.97000000,1753166.35000000,4373521.60000000,18366468.08000000,1116594.94400000,18916244.34000000
4284174.97000000,1753166.35000000,4373521.60000000,18137057.07000000,-1610199.07100000,19215441.45000000
3899613.95000000,397361.59000000,5014738.67000000,20785809.82000000,7714434.29100000,14987890.38000000
3899613.95000000,397361.59000000,5014738.67000000,18366468.08000000,1116594.94400000,18916244.34000000
3899613.95000000,397361.59000000,5014738.67000000,18137057.07000000,-1610199.07100000,19215441.45000000
3856938.88000000,1397750.23000000,4867717.35000000,15515091.81000000,-14612692.03000000,15909591.68000000
3856938.88000000,1397750.23000000,4867717.35000000,25553879.88000000,-6347398.96200000,3437309.35400000
3856938.88000000,1397750.23000000,4867717.35000000,20785809.82000000,7714434.29100000,14987890.38000000
3856938.88000000,1397750.23000000,4867717.35000000,18366468.08000000,1116594.94400000,18916244.34000000
3856938.88000000,1397750.23000000,4867717.35000000,18137057.07000000,-1610199.07100000,19215441.45000000
3856938.88000000,1397750.23000000,4867717.35000000,25973170.65000000,1847434.84100000,5370303.12100000
3856936.00000000,1397750.00000000,4867719.00000000,15515091.81000000,-14612692.03000000,15909591.68000000
3856936.00000000,1397750.00000000,4867719.00000000,25553879.88000000,-6347398.96200000,3437309.35400000
3856936.00000000,1397750.00000000,4867719.00000000,20785809.82000000,7714434.29100000,14987890.38000000
3856936.00000000,1397750.00000000,4867719.00000000,18366468.08000000,1116594.94400000,18916244.34000000
3856936.00000000,1397750.00000000,4867719.00000000,18137057.07000000,-1610199.07100000,19215441.45000000
3856936.00000000,1397750.00000000,4867719.00000000,25973170.65000000,1847434.84100000,5370303.12100000
4037498.00000000,1097035.00000000,4798910.00000000,20785809.82000000,7714434.29100000,14987890.38000000
4037498.00000000,1097035.00000000,4798910.00000000,11035907.65000000,12157024.53000000,20863646.80000000
4037498.00000000,1097035.00000000,4798910.00000000,18366468.08000000,1116594.94400000,18916244.34000000
4037498.00000000,1097035.00000000,4798910.00000000,18137057.07000000,-1610199.07100000,19215441.45000000
4037498.00000000,1097035.00000000,4798910.00000000,25973170.65000000,1847434.84100000,5370303.12100000
3107617.76000000,1287856.33000000,5400807.10000000,25553879.88000000,-6347398.96200000,3437309.35400000
3107617.76000000,1287856.33000000,5400807.10000000,20785809.82000000,7714434.29100000,14987890.38000000
3107617.76000000,1287856.33000000,5400807.10000000,18366468.08000000,1116594.94400000,18916244.34000000
3107617.76000000,1287856.33000000,5400807.10000000,18137057.07000000,-1610199.07100000,19215441.45000000
3107617.76000000,1287856.33000000,5400807.10000000,25973170.65000000,1847434.84100000,5370303.12100000
3524523.00000000,1329693.00000000,5129846.00000000,25553879.88000000,-6347398.96200000,3437309.35400000
3524523.00000000,1329693.00000000,5129846.00000000,20785809.82000000,7714434.29100000,14987890.38000000
3524523.00000000,1329693.00000000,5129846.00000000,18366468.08000000,1116594.94400000,18916244.34000000
3524523.00000000,1329693.00000000,5129846.00000000,18137057.07000000,-1610199.07100000,19215441.45000000
3524523.00000000,1329693.00000000,5129846.00000000,25973170.65000000,1847434.84100000,5370303.12100000
4549397.17000000,1874003.14000000,4045167.61000000,15515091.81000000,-14612692.03000000,15909591.68000000
4549397.17000000,1874003.14000000,4045167.61000000,20785809.82000000,7714434.29100000,14987890.38000000
4549397.17000000,1874003.14000000,4045167.61000000,18366468.08000000,1116594.94400000,18916244.34000000
4549397.17000000,1874003.14000000,4045167.61000000,18137057.07000000,-1610199.07100000,19215441.45000000
3798345.26000000,955552.84000000,5017221.54000000,25553879.88000000,-6347398.96200000,3437309.35400000
3798345.26000000,955552.84000000,5017221.54000000,20785809.82000000,7714434.29100000,14987890.38000000
3798345.26000000,955552.84000000,5017221.54000000,11035907.65000000,12157024.53000000,20863646.80000000
3798345.26000000,955552.84000000,5017221.54000000,18366468.08000000,1116594.94400000,18916244.34000000
3798345.26000000,955552.84000000,5017221.54000000,18137057.07000000,-1610199.07100000,19215441.45000000
3798345.26000000,955552.84000000,5017221.54000000,25973170.65000000,1847434.84100000,5370303.12100000
3898736.52000000,855345.12000000,4958372.37000000,25553879.88000000,-6347398.96200000,3437309.35400000
3898736.52000000,855345.12000000,4958372.37000000,20785809.82000000,7714434.29100000,14987890.38000000
3898736.52000000,855345.12000000,4958372.37000000,11035907.65000000,12157024.53000000,20863646.80000000
3898736.52000000,855345.12000000,4958372.37000000,18366468.08000000,1116594.94400000,18916244.34000000
3898736.52000000,855345.12000000,4958372.37000000,18137057.07000000,-1610199.07100000,19215441.45000000
3898736.52000000,855345.12000000,4958372.37000000,25973170.65000000,1847434.84100000,5370303.12100000
4049341.00000000,221853.00000000,4906449.00000000,20785809.82000000,7714434.29100000,14987890.38000000
4049341.00000000,221853.00000000,4906449.00000000,11035907.65000000,12157024.53000000,20863646.80000000
4049341.00000000,221853.00000000,4906449.00000000,18366468.08000000,1116594.94400000,18916244.34000000
4049341.00000000,221853.00000000,4906449.00000000,18137057.07000000,-1610199.07100000,19215441.45000000
4118899.00000000,1048597.00000000,4740106.00000000,25553879.88000000,-6347398.96200000,3437309.35400000
4118899.00000000,1048597.00000000,4740106.00000000,20785809.82000000,7714434.29100000,14987890.38000000
4118899.00000000,1048597.00000000,4740106.00000000,11035907.65000000,12157024.53000000,20863646.80000000
4118899.00000000,1048597.00000000,4740106.00000000,18366468.08000000,1116594.94400000,18916244.34000000
4118899.00000000,1048597.00000000,4740106.00000000,18137057.07000000,-1610199.07100000,19215441.45000000
4118899.00000000,1048597.00000000,4740106.00000000,25973170.65000000,1847434.84100000,5370303.12100000
4709564.00000000,162251.00000000,4285937.00000000,20785809.82000000,7714434.29100000,14987890.38000000
4709564.00000000,162251.00000000,4285937.00000000,11035907.65000000,12157024.53000000,20863646.80000000
4709564.00000000,162251.00000000,4285937.00000000,18366468.08000000,1116594.94400000,18916244.34000000
4709564.00000000,162251.00000000,4285937.00000000,18137057.07000000,-1610199.07100000,19215441.45000000
3728602.00000000,1317402.00000000,4987811.00000000,20785809.82000000,7714434.29100000,14987890.38000000
3728602.00000000,1317402.00000000,4987811.00000000,18366468.08000000,1116594.94400000,18916244.34000000
3728602.00000000,1317402.00000000,4987811.00000000,18137057.07000000,-1610199.07100000,19215441.45000000
3728602.00000000,1317402.00000000,4987811.00000000,25973170.65000000,1847434.84100000,5370303.12100000
3104211.12000000,998381.58000000,5463295.58000000,25553879.88000000,-6347398.96200000,3437309.35400000
3104211.12000000,998381.58000000,5463295.58000000,20785809.82000000,7714434.29100000,14987890.38000000
3104211.12000000,998381.58000000,5463295.58000000,18366468.08000000,1116594.94400000,18916244.34000000
3104211.12000000,998381.58000000,5463295.58000000,18137057.07000000,-1610199.07100000,19215441.45000000
3104211.12000000,998381.58000000,5463295.58000000,25973170.65000000,1847434.84100000,5370303.12100000
4642432.50000000,1028629.40000000,4236854.20000000,20785809.82000000,7714434.29100000,14987890.38000000
4642432.50000000,1028629.40000000,4236854.20000000,11035907.65000000,12157024.53000000,20863646.80000000
4642432.50000000,1028629.40000000,4236854.20000000,18366468.08000000,1116594.94400000,18916244.34000000
4642432.50000000,1028629.40000000,4236854.20000000,18137057.07000000,-1610199.07100000,19215441.45000000
4919369.64000000,225499.60000000,4039849.56000000,20785809.82000000,7714434.29100000,14987890.38000000
4919369.64000000,225499.60000000,4039849.56000000,11035907.65000000,12157024.53000000,20863646.80000000
4919369.64000000,225499.60000000,4039849.56000000,18366468.08000000,1116594.94400000,18916244.34000000
4919369.64000000,225499.60000000,4039849.56000000,18137057.07000000,-1610199.07100000,19215441.45000000
4274276.05000000,11584.22000000,4718385.97000000,20785809.82000000,7714434.29100000,14987890.38000000
4274276.05000000,11584.22000000,4718385.97000000,11035907.65000000,12157024.53000000,20863646.80000000
4274276.05000000,11584.22000000,4718385.97000000,18366468.08000000,1116594.94400000,18916244.34000000
4630532.80000000,433946.10000000,4350142.60000000,20785809.82000000,7714434.29100000,14987890.38000000
4630532.80000000,433946.10000000,4350142.60000000,11035907.65000000,12157024.53000000,20863646.80000000
4630532.80000000,433946.10000000,4350142.60000000,18366468.08000000,1116594.94400000,18916244.34000000
4630532.80000000,433946.10000000,4350142.60000000,18137057.07000000,-1610199.07100000,19215441.45000000
4641949.71000000,1393045.30000000,4133287.33000000,15515091.81000000,-14612692.03000000,15909591.68000000
4641949.71000000,1393045.30000000,4133287.33000000,20785809.82000000,7714434.29100000,14987890.38000000
4641949.71000000,1393045.30000000,4133287.33000000,11035907.65000000,12157024.53000000,20863646.80000000
4641949.71000000,1393045.30000000,4133287.33000000,18366468.08000000,1116594.94400000,18916244.34000000
4641949.71000000,1393045.30000000,4133287.33000000,18137057.07000000,-1610199.07100000,19215441.45000000
4641953.04000000,1393063.55000000,4133279.59000000,15515091.81000000,-14612692.03000000,15909591.68000000
4641953.04000000,1393063.55000000,4133279.59000000,20785809.82000000,7714434.29100000,14987890.38000000
4641953.04000000,1393063.55000000,4133279.59000000,11035907.65000000,12157024.53000000,20863646.80000000
4641953.04000000,1393063.55000000,4133279.59000000,18366468.08000000,1116594.94400000,18916244.34000000
4641953.04000000,1393063.55000000,4133279.59000000,18137057.07000000,-1610199.07100000,19215441.45000000
4461400.89000000,919593.44000000,4449504.67000000,20785809.82000000,7714434.29100000,14987890.38000000
4461400.89000000,919593.44000000,4449504.67000000,11035907.65000000,12157024.53000000,20863646.80000000
4461400.89000000,919593.44000000,4449504.67000000,18366468.08000000,1116594.94400000,18916244.34000000
4461400.89000000,919593.44000000,4449504.67000000,18137057.07000000,-1610199.07100000,19215441.45000000
4461400.89000000,919593.44000000,4449504.67000000,25973170.65000000,1847434.84100000,5370303.12100000
4201577.00000000,189860.00000000,4779065.00000000,20785809.82000000,7714434.29100000,14987890.38000000
4201577.00000000,189860.00000000,4779065.00000000,18366468.08000000,1116594.94400000,18916244.34000000
4201577.00000000,189860.00000000,4779065.00000000,18137057.07000000,-1610199.07100000,19215441.45000000
4053743.00000000,1260570.00000000,4744940.00000000,25553879.88000000,-6347398.96200000,3437309.35400000
4053743.00000000,1260570.00000000,4744940.00000000,20785809.82000000,7714434.29100000,14987890.38000000
4053743.00000000,1260570.00000000,4744940.00000000,11035907.65000000,12157024.53000000,20863646.80000000
4053743.00000000,1260570.00000000,4744940.00000000,18366468.08000000,1116594.94400000,18916244.34000000
4053743.00000000,1260570.00000000,4744940.00000000,18137057.07000000,-1610199.07100000,19215441.45000000
4053743.00000000,1260570.00000000,4744940.00000000,25973170.65000000,1847434.84100000,5370303.12100000
4053738.00000000,1260571.00000000,4744940.00000000,25553879.88000000,-6347398.96200000,3437309.35400000
4053738.00000000,1260571.00000000,4744940.00000000,20785809.82000000,7714434.29100000,14987890.38000000
4053738.00000000,1260571.00000000,4744940.00000000,11035907.65000000,12157024.53000000,20863646.80000000
4053738.00000000,1260571.00000000,4744940.00000000,18366468.08000000,1116594.94400000,18916244.34000000
4053738.00000000,1260571.00000000,4744940.00000000,18137057.07000000,-1610199.07100000,19215441.45000000
4053738.00000000,1260571.00000000,4744940.00000000,25973170.65000000,1847434.84100000,5370303.12100000
4463913.40000000,863588.18000000,4458190.17000000,20785809.82000000,7714434.29100000,14987890.38000000
4463913.40000000,863588.18000000,4458190.17000000,11035907.65000000,12157024.53000000,20863646.80000000
4463913.40000000,863588.18000000,4458190.17000000,18366468.08000000,1116594.94400000,18916244.34000000
4463913.40000000,863588.18000000,4458190.17000000,18137057.07000000,-1610199.07100000,19215441.45000000
4463913.40000000,863588.18000000,4458190.17000000,25973170.65000000,1847434.84100000,5370303.12100000
4461399.55000000,919567.22000000,4449510.36000000,20785809.82000000,7714434.29100000,14987890.38000000
4461399.55000000,919567.22000000,4449510.36000000,11035907.65000000,12157024.53000000,20863646.80000000
4461399.55000000,919567.22000000,4449510.36000000,18366468.08000000,1116594.94400000,18916244.34000000
4461399.55000000,919567.22000000,4449510.36000000,18137057.07000000,-1610199.07100000,19215441.45000000
4461399.55000000,919567.22000000,4449510.36000000,25973170.65000000,1847434.84100000,5370303.12100000
4599641.95000000,2034827.31000000,3909890.60000000,15515091.81000000,-14612692.03000000,15909591.68000000
4599641.95000000,2034827.31000000,3909890.60000000,20785809.82000000,7714434.29100000,14987890.38000000
4599641.95000000,2034827.31000000,3909890.60000000,18366468.08000000,1116594.94400000,18916244.34000000
4599641.95000000,2034827.31000000,3909890.60000000,18137057.07000000,-1610199.07100000,19215441.45000000
4934528.67000000,1321262.25000000,3806479.51000000,20785809.82000000,7714434.29100000,14987890.38000000
4934528.67000000,1321262.25000000,3806479.51000000,11035907.65000000,12157024.53000000,20863646.80000000
4934528.67000000,1321262.25000000,3806479.51000000,18366468.08000000,1116594.94400000,18916244.34000000
4934528.67000000,1321262.25000000,3806479.51000000,18137057.07000000,-1610199.07100000,19215441.45000000
4365991.15000000,1634052.95000000,4339210.57000000,15515091.81000000,-14612692.03000000,15909591.68000000
4365991.15000000,1634052.95000000,4339210.57000000,20785809.82000000,7714434.29100000,14987890.38000000
4365991.15000000,1634052.95000000,4339210.57000000,18366468.08000000,1116594.94400000,18916244.34000000
4365991.15000000,1634052.95000000,4339210.57000000,18137057.07000000,-1610199.07100000,19215441.45000000
4186704.43000000,834903.58000000,4723664.86000000,25553879.88000000,-6347398.96200000,3437309.35400000
4186704.43000000,834903.58000000,4723664.86000000,20785809.82000000,7714434.29100000,14987890.38000000
4186704.43000000,834903.58000000,4723664.86000000,11035907.65000000,12157024.53000000,20863646.80000000
4186704.43000000,834903.58000000,4723664.86000000,18366468.08000000,1116594.94400000,18916244.34000000
4186704.43000000,834903.58000000,4723664.86000000,18137057.07000000,-1610199.07100000,19215441.45000000
4186704.43000000,834903.58000000,4723664.86000000,25973170.65000000,1847434.84100000,5370303.12100000
3370658.83000000,711876.94000000,5349786.75000000,25553879.88000000,-6347398.96200000,3437309.35400000
3370658.83000000,711876.94000000,5349786.75000000,20785809.82000000,7714434.29100000,14987890.38000000
3370658.83000000,711876.94000000,5349786.75000000,11035907.65000000,12157024.53000000,20863646.80000000
3370658.83000000,711876.94000000,5349786.75000000,18366468.08000000,1116594.94400000,18916244.34000000
3370658.83000000,711876.94000000,5349786.75000000,18137057.07000000,-1610199.07100000,19215441.45000000
3370658.83000000,711876.94000000,5349786.75000000,25973170.65000000,1847434.84100000,5370303.12100000
4498451.81000000,1708266.83000000,4173591.78000000,15515091.81000000,-14612692.03000000,15909591.68000000
4498451.81000000,1708266.83000000,4173591.78000000,20785809.82000000,7714434.29100000,14987890.38000000
4498451.81000000,1708266.83000000,4173591.78000000,18366468.08000000,1116594.94400000,18916244.34000000
4498451.81000000,1708266.83000000,4173591.78000000,18137057.07000000,-1610199.07100000,19215441.45000000
4110967.50000000,1551025.70000000,4607983.30000000,15515091.81000000,-14612692.03000000,15909591.68000000
4110967.50000000,1551025.70000000,4607983.30000000,25553879.88000000,-6347398.96200000,3437309.35400000
4110967.50000000,1551025.70000000,4607983.30000000,20785809.82000000,7714434.29100000,14987890.38000000
4110967.50000000,1551025.70000000,4607983.30000000,18366468.08000000,1116594.94400000,18916244.34000000
4110967.50000000,1551025.70000000,4607983.30000000,18137057.07000000,-1610199.07100000,19215441.45000000
4110967.50000000,1551025.70000000,4607983.30000000,25973170.65000000,1847434.84100000,5370303.12100000
3341336.36000000,957914.56000000,5330005.70000000,20785809.82000000,7714434.29100000,14987890.38000000
3341336.36000000,957914.56000000,5330005.70000000,18366468.08000000,1116594.94400000,18916244.34000000
3341336.36000000,957914.56000000,5330005.70000000,18137057.07000000,-1610199.07100000,19215441.45000000
3169982.15000000,579956.60000000,5485936.47000000,20785809.82000000,7714434.29100000,14987890.38000000
3169982.15000000,579956.60000000,5485936.47000000,11035907.65000000,12157024.53000000,20863646.80000000
3169982.15000000,579956.60000000,5485936.47000000,18366468.08000000,1116594.94400000,18916244.34000000
3169982.15000000,579956.60000000,5485936.47000000,18137057.07000000,-1610199.07100000,19215441.45000000
3169982.15000000,579956.60000000,5485936.47000000,25973170.65000000,1847434.84100000,5370303.12100000
4388882.41000000,924567.03000000,4519588.45000000,20785809.82000000,7714434.29100000,14987890.38000000
4388882.41000000,924567.03000000,4519588.45000000,11035907.65000000,12157024.53000000,20863646.80000000
4388882.41000000,924567.03000000,4519588.45000000,18366468.08000000,1116594.94400000,18916244.34000000
4388882.41000000,924567.03000000,4519588.45000000,18137057.07000000,-1610199.07100000,19215441.45000000
4388882.41000000,924567.03000000,4519588.45000000,25973170.65000000,1847434.84100000,5370303.12100000
4655002.72000000,1860619.67000000,3930281.84000000,15515091.81000000,-14612692.03000000,15909591.68000000
4655002.72000000,1860619.67000000,3930281.84000000,20785809.82000000,7714434.29100000,14987890.38000000
4655002.72000000,1860619.67000000,3930281.84000000,18366468.08000000,1116594.94400000,18916244.34000000
4655002.72000000,1860619.67000000,3930281.84000000,18137057.07000000,-1610199.07100000,19215441.45000000
4052438.00000000,1417688.00000000,4701418.00000000,15515091.81000000,-14612692.03000000,15909591.68000000
4052438.00000000,1417688.00000000,4701418.00000000,25553879.88000000,-6347398.96200000,3437309.35400000
4052438.00000000,1417688.00000000,4701418.00000000,20785809.82000000,7714434.29100000,14987890.38000000
4052438.00000000,1417688.00000000,4701418.00000000,18366468.08000000,1116594.94400000,18916244.34000000
4052438.00000000,1417688.00000000,4701418.00000000,18137057.07000000,-1610199.07100000,19215441.45000000
4052438.00000000,1417688.00000000,4701418.00000000,25973170.65000000,1847434.84100000,5370303.12100000
4052449.80000000,1417680.80000000,4701406.90000000,15515091.81000000,-14612692.03000000,15909591.68000000
4052449.80000000,1417680.80000000,4701406.90000000,25553879.88000000,-6347398.96200000,3437309.35400000
4052449.80000000,1417680.80000000,4701406.90000000,20785809.82000000,7714434.29100000,14987890.38000000
4052449.80000000,1417680.80000000,4701406.90000000,18366468.08000000,1116594.94400000,18916244.34000000
4052449.80000000,1417680.80000000,4701406.90000000,18137057.07000000,-1610199.07100000,19215441.45000000
4052449.80000000,1417680.80000000,4701406.90000000,25973170.65000000,1847434.84100000,5370303.12100000
4253560.00000000,733545.00000000,4681453.00000000,25553879.88000000,-6347398.96200000,3437309.35400000
4253560.00000000,733545.00000000,4681453.00000000,20785809.82000000,7714434.29100000,14987890.38000000
4253560.00000000,733545.00000000,4681453.00000000,11035907.65000000,12157024.53000000,20863646.80000000
4253560.00000000,733545.00000000,4681453.00000000,18366468.08000000,1116594.94400000,18916244.34000000
4253560.00000000,733545.00000000,4681453.00000000,18137057.07000000,-1610199.07100000,19215441.45000000
4253560.00000000,733545.00000000,4681453.00000000,25973170.65000000,1847434.84100000,5370303.12100000
4373762.07000000,1057723.72000000,4505121.30000000,20785809.82000000,7714434.29100000,14987890.38000000
4373762.07000000,1057723.72000000,4505121.30000000,11035907.65000000,12157024.53000000,20863646.80000000
4373762.07000000,1057723.72000000,4505121.30000000,18366468.08000000,1116594.94400000,18916244.34000000
4373762.07000000,1057723.72000000,4505121.30000000,18137057.07000000,-1610199.07100000,19215441.45000000
4373762.07000000,1057723.72000000,4505121.30000000,25973170.65000000,1847434.84100000,5370303.12100000
3800689.63000000,882077.39000000,5028791.32000000,25553879.88000000,-6347398.96200000,3437309.35400000
3800689.63000000,882077.39000000,5028791.32000000,20785809.82000000,7714434.29100000,14987890.38000000
3800689.63000000,882077.39000000,5028791.32000000,11035907.65000000,12157024.53000000,20863646.80000000
3800689.63000000,882077.39000000,5028791.32000000,18366468.08000000,1116594.94400000,18916244.34000000
3800689.63000000,882077.39000000,5028791.32000000,18137057.07000000,-1610199.07100000,19215441.45000000
3800689.63000000,882077.39000000,5028791.32000000,25973170.65000000,1847434.84100000,5370303.12100000
4002424.80000000,872512.90000000,4873111.70000000,25553879.88000000,-6347398.96200000,3437309.35400000
4002424.80000000,872512.90000000,4873111.70000000,20785809.82000000,7714434.29100000,14987890.38000000
4002424.80000000,872512.90000000,4873111.70000000,11035907.65000000,12157024.53000000,20863646.80000000
4002424.80000000,872512.90000000,4873111.70000000,18366468.08000000,1116594.94400000,18916244.34000000
4002424.80000000,872512.90000000,4873111.70000000,18137057.07000000,-1610199.07100000,19215441.45000000
4002424.80000000,872512.90000000,4873111.70000000,25973170.65000000,1847434.84100000,5370303.12100000
4279473.14000000,1363734.68000000,4513577.82000000,15515091.81000000,-14612692.03000000,15909591.68000000
4279473.14000000,1363734.68000000,4513577.82000000,20785809.82000000,7714434.29100000,14987890.38000000
4279473.14000000,1363734.68000000,4513577.82000000,11035907.65000000,12157024.53000000,20863646.80000000
4279473.14000000,1363734.68000000,4513577.82000000,18366468.08000000,1116594.94400000,18916244.34000000
4279473.14000000,1363734.68000000,4513577.82000000,18137057.07000000,-1610199.07100000,19215441.45000000
4279473.14000000,1363734.68000000,4513577.82000000,25973170.65000000,1847434.84100000,5370303.12100000
4518264.43000000,886376.44000000,4399019.13000000,20785809.82000000,7714434.29100000,14987890.38000000
4518264.43000000,886376.44000000,4399019.13000000,11035907.65000000,12157024.53000000,20863646.80000000
4518264.43000000,886376.44000000,4399019.13000000,18366468.08000000,1116594.94400000,18916244.34000000
4518264.43000000,886376.44000000,4399019.13000000,18137057.07000000,-1610199.07100000,19215441.45000000
4518264.43000000,886376.44000000,4399019.13000000,25973170.65000000,1847434.84100000,5370303.12100000
3844060.11000000,709661.20000000,5023129.46000000,25553879.88000000,-6347398.96200000,3437309.35400000
3844060.11000000,709661.20000000,5023129.46000000,20785809.82000000,7714434.29100000,14987890.38000000
3844060.11000000,709661.20000000,5023129.46000000,11035907.65000000,12157024.53000000,20863646.80000000
3844060.11000000,709661.20000000,5023129.46000000,18366468.08000000,1116594.94400000,18916244.34000000
3844060.11000000,709661.20000000,5023129.46000000,18137057.07000000,-1610199.07100000,19215441.45000000
3844060.11000000,709661.20000000,5023129.46000000,25973170.65000000,1847434.84100000,5370303.12100000
4504322.00000000,305405.00000000,4491277.00000000,20785809.82000000,7714434.29100000,14987890.38000000
4504322.00000000,305405.00000000,4491277.00000000,11035907.65000000,12157024.53000000,20863646.80000000
4504322.00000000,305405.00000000,4491277.00000000,18366468.08000000,1116594.94400000,18916244.34000000
4504322.00000000,305405.00000000,4491277.00000000,18137057.07000000,-1610199.07100000,19215441.45000000
3645376.75000000,531201.70000000,5189296.71000000,20785809.82000000,7714434.29100000,14987890.38000000
3645376.75000000,531201.70000000,5189296.71000000,11035907.65000000,12157024.53000000,20863646.80000000
3645376.75000000,531201.70000000,5189296.71000000,18366468.08000000,1116594.94400000,18916244.34000000
3645376.75000000,531201.70000000,5189296.71000000,18137057.07000000,-1610199.07100000,19215441.45000000
4091423.46000000,368380.43000000,4863179.70000000,20785809.82000000,7714434.29100000,14987890.38000000
4091423.46000000,368380.43000000,4863179.70000000,11035907.65000000,12157024.53000000,20863646.80000000
4091423.46000000,368380.43000000,4863179.70000000,18366468.08000000,1116594.94400000,18916244.34000000
4091423.46000000,368380.43000000,4863179.70000000,18137057.07000000,-1610199.07100000,19215441.45000000
3550067.00000000,1093332.00000000,5167562.00000000,25553879.88000000,-6347398.96200000,3437309.35400000
3550067.00000000,1093332.00000000,5167562.00000000,20785809.82000000,7714434.29100000,14987890.38000000
3550067.00000000,1093332.00000000,5167562.00000000,18366468.08000000,1116594.94400000,18916244.34000000
3550067.00000000,1093332.00000000,5167562.00000000,18137057.07000000,-1610199.07100000,19215441.45000000
3550067.00000000,1093332.00000000,5167562.00000000,25973170.65000000,1847434.84100000,5370303.12100000
4364680.87000000,851736.60000000,4557204.71000000,25553879.88000000,-6347398.96200000,3437309.35400000
4364680.87000000,851736.60000000,4557204.71000000,20785809.82000000,7714434.29100000,14987890.38000000
4364680.87000000,851736.60000000,4557204.71000000,11035907.65000000,12157024.53000000,20863646.80000000
4364680.87000000,851736.60000000,4557204.71000000,18366468.08000000,1116594.94400000,18916244.34000000
4364680.87000000,851736.60000000,4557204.71000000,18137057.07000000,-1610199.07100000,19215441.45000000
4364680.87000000,851736.60000000,4557204.71000000,25973170.65000000,1847434.84100000,5370303.12100000
4271111.88000000,1529000.29000000,4468514.48000000,15515091.81000000,-14612692.03000000,15909591.68000000
4271111.88000000,1529000.29000000,4468514.48000000,20785809.82000000,7714434.29100000,14987890.38000000
4271111.88000000,1529000.29000000,4468514.48000000,18366468.08000000,1116594.94400000,18916244.34000000
4271111.88000000,1529000.29000000,4468514.48000000,18137057.07000000,-1610199.07100000,19215441.45000000
4271111.88000000,1529000.29000000,4468514.48000000,25973170.65000000,1847434.84100000,5370303.12100000
3606146.38000000,875303.14000000,5170194.74000000,25553879.88000000,-6347398.96200000,3437309.35400000
3606146.38000000,875303.14000000,5170194.74000000,20785809.82000000,7714434.29100000,14987890.38000000
3606146.38000000,875303.14000000,5170194.74000000,11035907.65000000,12157024.53000000,20863646.80000000
3606146.38000000,875303.14000000,5170194.74000000,18366468.08000000,1116594.94400000,18916244.34000000
3606146.38000000,875303.14000000,5170194.74000000,18137057.07000000,-1610199.07100000,19215441.45000000
3606146.38000000,875303.14000000,5170194.74000000,25973170.65000000,1847434.84100000,5370303.12100000
4180931.00000000,973735.00000000,4703203.00000000,25553879.88000000,-6347398.96200000,3437309.35400000
4180931.00000000,973735.00000000,4703203.00000000,20785809.82000000,7714434.29100000,14987890.38000000
4180931.00000000,973735.00000000,4703203.00000000,11035907.65000000,12157024.53000000,20863646.80000000
4180931.00000000,973735.00000000,4703203.00000000,18366468.08000000,1116594.94400000,18916244.34000000
4180931.00000000,973735.00000000,4703203.00000000,18137057.07000000,-1610199.07100000,19215441.45000000
4180931.00000000,973735.00000000,4703203.00000000,25973170.65000000,1847434.84100000,5370303.12100000
3973493.00000000,57358.00000000,4972193.00000000,20785809.82000000,7714434.29100000,14987890.38000000
3973493.00000000,57358.00000000,4972193.00000000,11035907.65000000,12157024.53000000,20863646.80000000
3973493.00000000,57358.00000000,4972193.00000000,18366468.08000000,1116594.94400000,18916244.34000000
4433469.93000000,362672.71000000,4556211.64000000,20785809.82000000,7714434.29100000,14987890.38000000
4433469.93000000,362672.71000000,4556211.64000000,11035907.65000000,12157024.53000000,20863646.80000000
4433469.93000000,362672.71000000,4556211.64000000,18366468.08000000,1116594.94400000,18916244.34000000
4433469.93000000,362672.71000000,4556211.64000000,18137057.07000000,-1610199.07100000,19215441.45000000
3557911.27000000,599176.65000000,5242066.43000000,20785809.82000000,7714434.29100000,14987890.38000000
3557911.27000000,599176.65000000,5242066.43000000,11035907.65000000,12157024.53000000,20863646.80000000
3557911.27000000,599176.65000000,5242066.43000000,18366468.08000000,1116594.94400000,18916244.34000000
3557911.27000000,599176.65000000,5242066.43000000,18137057.07000000,-1610199.07100000,19215441.45000000
3557911.27000000,599176.65000000,5242066.43000000,25973170.65000000,1847434.84100000,5370303.12100000
4201792.08000000,177945.43000000,4779286.87000000,20785809.82000000,7714434.29100000,14987890.38000000
4201792.08000000,177945.43000000,4779286.87000000,11035907.65000000,12157024.53000000,20863646.80000000
4201792.08000000,177945.43000000,4779286.87000000,18366468.08000000,1116594.94400000,18916244.34000000
4201792.08000000,177945.43000000,4779286.87000000,18137057.07000000,-1610199.07100000,19215441.45000000
4319372.39000000,1868687.57000000,4292063.80000000,15515091.81000000,-14612692.03000000,15909591.68000000
4319372.39000000,1868687.57000000,4292063.80000000,20785809.82000000,7714434.29100000,14987890.38000000
4319372.39000000,1868687.57000000,4292063.80000000,18366468.08000000,1116594.94400000,18916244.34000000
4319372.39000000,1868687.57000000,4292063.80000000,18137057.07000000,-1610199.07100000,19215441.45000000
4123048.38000000,1227806.16000000,4693474.06000000,25553879.88000000,-6347398.96200000,3437309.35400000
4123048.38000000,1227806.16000000,4693474.06000000,20785809.82000000,7714434.29100000,14987890.38000000
4123048.38000000,1227806.16000000,4693474.06000000,11035907.65000000,12157024.53000000,20863646.80000000
4123048.38000000,1227806.16000000,4693474.06000000,18366468.08000000,1116594.94400000,18916244.34000000
4123048.38000000,1227806.16000000,4693474.06000000,18137057.07000000,-1610199.07100000,19215441.45000000
4123048.38000000,1227806.16000000,4693474.06000000,25973170.65000000,1847434.84100000,5370303.12100000
3328984.81000000,761910.07000000,5369033.47000000,20785809.82000000,7714434.29100000,14987890.38000000
3328984.81000000,761910.07000000,5369033.47000000,18366468.08000000,1116594.94400000,18916244.34000000
3328984.81000000,761910.07000000,5369033.47000000,18137057.07000000,-1610199.07100000,19215441.45000000
4370292.00000000,1454981.00000000,4397965.00000000,15515091.81000000,-14612692.03000000,15909591.68000000
4370292.00000000,1454981.00000000,4397965.00000000,20785809.82000000,7714434.29100000,14987890.38000000
4370292.00000000,1454981.00000000,4397965.00000000,18366468.08000000,1116594.94400000,18916244.34000000
4370292.00000000,1454981.00000000,4397965.00000000,18137057.07000000,-1610199.07100000,19215441.45000000
4370292.00000000,1454981.00000000,4397965.00000000,25973170.65000000,1847434.84100000,5370303.12100000
3275753.90000000,321110.86000000,5445041.88000000,20785809.82000000,7714434.29100000,14987890.38000000
3275753.90000000,321110.86000000,5445041.88000000,11035907.65000000,12157024.53000000,20863646.80000000
3275753.90000000,321110.86000000,5445041.88000000,18366468.08000000,1116594.94400000,18916244.34000000
3275753.90000000,321110.86000000,5445041.88000000,18137057.07000000,-1610199.07100000,19215441.45000000
3446394.24000000,591713.11000000,5316383.43000000,20785809.82000000,7714434.29100000,14987890.38000000
3446394.24000000,591713.11000000,5316383.43000000,11035907.65000000,12157024.53000000,20863646.80000000
3446394.24000000,591713.11000000,5316383.43000000,18366468.08000000,1116594.94400000,18916244.34000000
3446394.24000000,591713.11000000,5316383.43000000,18137057.07000000,-1610199.07100000,19215441.45000000
3446394.24000000,591713.11000000,5316383.43000000,25973170.65000000,1847434.84100000,5370303.12100000
3452305.00000000,1460315.00000000,5143362.00000000,15515091.81000000,-14612692.03000000,15909591.68000000
3452305.00000000,1460315.00000000,5143362.00000000,25553879.88000000,-6347398.96200000,3437309.35400000
3452305.00000000,1460315.00000000,5143362.00000000,20785809.82000000,7714434.29100000,14987890.38000000
3452305.00000000,1460315.00000000,5143362.00000000,18366468.08000000,1116594.94400000,18916244.34000000
3452305.00000000,1460315.00000000,5143362.00000000,18137057.07000000,-1610199.07100000,19215441.45000000
3452305.00000000,1460315.00000000,5143362.00000000,25973170.65000000,1847434.84100000,5370303.12100000
3798580.87000000,346993.83000000,5094780.82000000,20785809.82000000,7714434.29100000,14987890.38000000
3798580.87000000,346993.83000000,5094780.82000000,11035907.65000000,12157024.53000000,20863646.80000000
3798580.87000000,346993.83000000,5094780.82000000,18366468.08000000,1116594.94400000,18916244.34000000
3798580.87000000,346993.83000000,5094780.82000000,18137057.07000000,-1610199.07100000,19215441.45000000
4627009.80000000,111069.40000000,4374123.00000000,20785809.82000000,7714434.29100000,14987890.38000000
4627009.80000000,111069.40000000,4374123.00000000,11035907.65000000,12157024.53000000,20863646.80000000
4627009.80000000,111069.40000000,4374123.00000000,18366468.08000000,1116594.94400000,18916244.34000000
4627009.80000000,111069.40000000,4374123.00000000,18137057.07000000,-1610199.07100000,19215441.45000000
4627009.80000000,111069.40000000,4374123.00000000,25973170.65000000,1847434.84100000,5370303.12100000
4627851.90000000,119638.55000000,4372993.54000000,20785809.82000000,7714434.29100000,14987890.38000000
4627851.90000000,119638.55000000,4372993.54000000,11035907.65000000,12157024.53000000,20863646.80000000
4627851.90000000,119638.55000000,4372993.54000000,18366468.08000000,1116594.94400000,18916244.34000000
4627851.90000000,119638.55000000,4372993.54000000,18137057.07000000,-1610199.07100000,19215441.45000000
4627851.90000000,119638.55000000,4372993.54000000,25973170.65000000,1847434.84100000,5370303.12100000
4472544.44000000,601634.23000000,4492545.11000000,20785809.82000000,7714434.29100000,14987890.38000000
4472544.44000000,601634.23000000,4492545.11000000,11035907.65000000,12157024.53000000,20863646.80000000
4472544.44000000,601634.23000000,4492545.11000000,18366468.08000000,1116594.94400000,18916244.34000000
4472544.44000000,601634.23000000,4492545.11000000,18137057.07000000,-1610199.07100000,19215441.45000000
4472544.44000000,601634.23000000,4492545.11000000,25973170.65000000,1847434.84100000,5370303.12100000
4119400.00000000,1170248.00000000,4712324.00000000,25553879.88000000,-6347398.96200000,3437309.35400000
4119400.00000000,1170248.00000000,4712324.00000000,20785809.82000000,7714434.29100000,14987890.38000000
4119400.00000000,1170248.00000000,4712324.00000000,11035907.65000000,12157024.53000000,20863646.80000000
4119400.00000000,1170248.00000000,4712324.00000000,18366468.08000000,1116594.94400000,18916244.34000000
4119400.00000000,1170248.00000000,4712324.00000000,18137057.07000000,-1610199.07100000,19215441.45000000
4119400.00000000,1170248.00000000,4712324.00000000,25973170.65000000,1847434.84100000,5370303.12100000
4001470.40000000,1192345.50000000,4805795.60000000,25553879.88000000,-6347398.96200000,3437309.35400000
4001470.40000000,1192345.50000000,4805795.60000000,20785809.82000000,7714434.29100000,14987890.38000000
4001470.40000000,1192345.50000000,4805795.60000000,11035907.65000000,12157024.53000000,20863646.80000000
4001470.40000000,1192345.50000000,4805795.60000000,18366468.08000000,1116594.94400000,18916244.34000000
4001470.40000000,1192345.50000000,4805795.60000000,18137057.07000000,-1610199.07100000,19215441.45000000
4001470.40000000,1192345.50000000,4805795.60000000,25973170.65000000,1847434.84100000,5370303.12100000
4885051.54000000,783345.18000000,4012042.31000000,20785809.82000000,7714434.29100000,14987890.38000000
4885051.54000000,783345.18000000,4012042.31000000,11035907.65000000,12157024.53000000,20863646.80000000
4885051.54000000,783345.18000000,4012042.31000000,18366468.08000000,1116594.94400000,18916244.34000000
4885051.54000000,783345.18000000,4012042.31000000,18137057.07000000,-1610199.07100000,19215441.45000000
4555146.16000000,997822.21000000,4337432.55000000,20785809.82000000,7714434.29100000,14987890.38000000
4555146.16000000,997822.21000000,4337432.55000000,11035907.65000000,12157024.53000000,20863646.80000000
4555146.16000000,997822.21000000,4337432.55000000,18366468.08000000,1116594.94400000,18916244.34000000
4555146.16000000,997822.21000000,4337432.55000000,18137057.07000000,-1610199.07100000,19215441.45000000
4590764.88000000,1032366.65000000,4291666.31000000,20785809.82000000,7714434.29100000,14987890.38000000
4590764.88000000,1032366.65000000,4291666.31000000,11035907.65000000,12157024.53000000,20863646.80000000
4590764.88000000,1032366.65000000,4291666.31000000,18366468.08000000,1116594.94400000,18916244.34000000
4590764.88000000,1032366.65000000,4291666.31000000,18137057.07000000,-1610199.07100000,19215441.45000000
4627539.84000000,1513540.02000000,4106446.89000000,15515091.81000000,-14612692.03000000,15909591.68000000
4627539.84000000,1513540.02000000,4106446.89000000,20785809.82000000,7714434.29100000,14987890.38000000
4627539.84000000,1513540.02000000,4106446.89000000,11035907.65000000,12157024.53000000,20863646.80000000
4627539.84000000,1513540.02000000,4106446.89000000,18366468.08000000,1116594.94400000,18916244.34000000
4627539.84000000,1513540.02000000,4106446.89000000,18137057.07000000,-1610199.07100000,19215441.45000000
3837558.00000000,1596303.00000000,4822410.00000000,15515091.81000000,-14612692.03000000,15909591.68000000
3837558.00000000,1596303.00000000,4822410.00000000,25553879.88000000,-6347398.96200000,3437309.35400000
3837558.00000000,1596303.00000000,4822410.00000000,20785809.82000000,7714434.29100000,14987890.38000000
3837558.00000000,1596303.00000000,4822410.00000000,18366468.08000000,1116594.94400000,18916244.34000000
3837558.00000000,1596303.00000000,4822410.00000000,18137057.07000000,-1610199.07100000,19215441.45000000
3837558.00000000,1596303.00000000,4822410.00000000,25973170.65000000,1847434.84100000,5370303.12100000
4062326.00000000,992104.50000000,4800911.20000000,25553879.88000000,-6347398.96200000,3437309.35400000
4062326.00000000,992104.50000000,4800911.20000000,20785809.82000000,7714434.29100000,14987890.38000000
4062326.00000000,992104.50000000,4800911.20000000,11035907.65000000,12157024.53000000,20863646.80000000
4062326.00000000,992104.50000000,4800911.20000000,18366468.08000000,1116594.94400000,18916244.34000000
4062326.00000000,992104.50000000,4800911.20000000,18137057.07000000,-1610199.07100000,19215441.45000000
4062326.00000000,992104.50000000,4800911.20000000,25973170.65000000,1847434.84100000,5370303.12100000
3249402.75000000,692761.95000000,5426399.89000000,20785809.82000000,7714434.29100000,14987890.38000000
3249402.75000000,692761.95000000,5426399.89000000,11035907.65000000,12157024.53000000,20863646.80000000
3249402.75000000,692761.95000000,5426399.89000000,18366468.08000000,1116594.94400000,18916244.34000000
3249402.75000000,692761.95000000,5426399.89000000,18137057.07000000,-1610199.07100000,19215441.45000000
3249402.75000000,692761.95000000,5426399.89000000,25973170.65000000,1847434.84100000,5370303.12100000
4379845.49000000,959292.11000000,4521099.32000000,20785809.82000000,7714434.29100000,14987890.38000000
4379845.49000000,959292.11000000,4521099.32000000,11035907.65000000,12157024.53000000,20863646.80000000
4379845.49000000,959292.11000000,4521099.32000000,18366468.08000000,1116594.94400000,18916244.34000000
4379845.49000000,959292.11000000,4521099.32000000,18137057.07000000,-1610199.07100000,19215441.45000000
4379845.49000000,959292.11000000,4521099.32000000,25973170.65000000,1847434.84100000,5370303.12100000
4331863.60000000,130055.20000000,4664122.60000000,20785809.82000000,7714434.29100000,14987890.38000000
4331863.60000000,130055.20000000,4664122.60000000,11035907.65000000,12157024.53000000,20863646.80000000
4331863.60000000,130055.20000000,4664122.60000000,18366468.08000000,1116594.94400000,18916244.34000000
4331863.60000000,130055.20000000,4664122.60000000,18137057.07000000,-1610199.07100000,19215441.45000000
3246470.56000000,1077900.31000000,5365277.90000000,25553879.88000000,-6347398.96200000,3437309.35400000
3246470.56000000,1077900.31000000,5365277.90000000,20785809.82000000,7714434.29100000,14987890.38000000
3246470.56000000,1077900.31000000,5365277.90000000,18366468.08000000,1116594.94400000,18916244.34000000
3246470.56000000,1077900.31000000,5365277.90000000,18137057.07000000,-1610199.07100000,19215441.45000000
3246470.56000000,1077900.31000000,5365277.90000000,25973170.65000000,1847434.84100000,5370303.12100000
3246466.56000000,1077901.83000000,5365279.61000000,25553879.88000000,-6347398.96200000,3437309.35400000
3246466.56000000,1077901.83000000,5365279.61000000,20785809.82000000,7714434.29100000,14987890.38000000
3246466.56000000,1077901.83000000,5365279.61000000,18366468.08000000,1116594.94400000,18916244.34000000
3246466.56000000,1077901.83000000,5365279.61000000,18137057.07000000,-1610199.07100000,19215441.45000000
3246466.56000000,1077901.83000000,5365279.61000000,25973170.65000000,1847434.84100000,5370303.12100000
3975805.22000000,249950.08000000,4964446.09000000,20785809.82000000,7714434.29100000,14987890.38000000
3975805.22000000,249950.08000000,4964446.09000000,11035907.65000000,12157024.53000000,20863646.80000000
3975805.22000000,249950.08000000,4964446.09000000,18366468.08000000,1116594.94400000,18916244.34000000
3975805.22000000,249950.08000000,4964446.09000000,18137057.07000000,-1610199.07100000,19215441.45000000
4031947.31000000,370150.91000000,4911905.90000000,20785809.82000000,7714434.29100000,14987890.38000000
4031947.31000000,370150.91000000,4911905.90000000,11035907.65000000,12157024.53000000,20863646.80000000
4031947.31000000,370150.91000000,4911905.90000000,18366468.08000000,1116594.94400000,18916244.34000000
4031947.31000000,370150.91000000,4911905.90000000,18137057.07000000,-1610199.07100000,19215441.45000000
3658785.93000000,784470.84000000,5147870.56000000,25553879.88000000,-6347398.96200000,3437309.35400000
3658785.93000000,784470.84000000,5147870.56000000,20785809.82000000,7714434.29100000,14987890.38000000
3658785.93000000,784470.84000000,5147870.56000000,11035907.65000000,12157024.53000000,20863646.80000000
3658785.93000000,784470.84000000,5147870.56000000,18366468.08000000,1116594.94400000,18916244.34000000
3658785.93000000,784470.84000000,5147870.56000000,18137057.07000000,-1610199.07100000,19215441.45000000
3658785.93000000,784470.84000000,5147870.56000000,25973170.65000000,1847434.84100000,5370303.12100000
3835751.00000000,1177249.00000000,4941605.00000000,25553879.88000000,-6347398.96200000,3437309.35400000
3835751.00000000,1177249.00000000,4941605.00000000,20785809.82000000,7714434.29100000,14987890.38000000
3835751.00000000,1177249.00000000,4941605.00000000,11035907.65000000,12157024.53000000,20863646.80000000
3835751.00000000,1177249.00000000,4941605.00000000,18366468.08000000,1116594.94400000,18916244.34000000
3835751.00000000,1177249.00000000,4941605.00000000,18137057.07000000,-1610199.07100000,19215441.45000000
3835751.00000000,1177249.00000000,4941605.00000000,25973170.65000000,1847434.84100000,5370303.12100000
3828739.00000000,443305.00000000,5064887.00000000,20785809.82000000,7714434.29100000,14987890.38000000
3828739.00000000,443305.00000000,5064887.00000000,11035907.65000000,12157024.53000000,20863646.80000000
3828739.00000000,443305.00000000,5064887.00000000,18366468.08000000,1116594.94400000,18916244.34000000
3828739.00000000,443305.00000000,5064887.00000000,18137057.07000000,-1610199.07100000,19215441.45000000
4075580.69000000,931853.66000000,4801568.05000000,25553879.88000000,-6347398.96200000,3437309.35400000
4075580.69000000,931853.66000000,4801568.05000000,20785809.82000000,7714434.29100000,14987890.38000000
4075580.69000000,931853.66000000,4801568.05000000,11035907.65000000,12157024.53000000,20863646.80000000
4075580.69000000,931853.66000000,4801568.05000000,18366468.08000000,1116594.94400000,18916244.34000000
4075580.69000000,931853.66000000,4801568.05000000,18137057.07000000,-1610199.07100000,19215441.45000000
4075580.69000000,931853.66000000,4801568.05000000,25973170.65000000,1847434.84100000,5370303.12100000
4425737.16000000,1204734.51000000,4417173.47000000,20785809.82000000,7714434.29100000,14987890.38000000
4425737.16000000,1204734.51000000,4417173.47000000,11035907.65000000,12157024.53000000,20863646.80000000
4425737.16000000,1204734.51000000,4417173.47000000,18366468.08000000,1116594.94400000,18916244.34000000
4425737.16000000,1204734.51000000,4417173.47000000,18137057.07000000,-1610199.07100000,19215441.45000000
4425737.16000000,1204734.51000000,4417173.47000000,25973170.65000000,1847434.84100000,5370303.12100000
4331300.16000000,567537.08000000,4633133.51000000,25553879.88000000,-6347398.96200000,3437309.35400000
4331300.16000000,567537.08000000,4633133.51000000,20785809.82000000,7714434.29100000,14987890.38000000
4331300.16000000,567537.08000000,4633133.51000000,11035907.65000000,12157024.53000000,20863646.80000000
4331300.16000000,567537.08000000,4633133.51000000,18366468.08000000,1116594.94400000,18916244.34000000
4331300.16000000,567537.08000000,4633133.51000000,18137057.07000000,-1610199.07100000,19215441.45000000
4331300.16000000,567537.08000000,4633133.51000000,25973170.65000000,1847434.84100000,5370303.12100000
4331297.35000000,567555.64000000,4633133.73000000,25553879.88000000,-6347398.96200000,3437309.35400000
4331297.35000000,567555.64000000,4633133.73000000,20785809.82000000,7714434.29100000,14987890.38000000
4331297.35000000,567555.64000000,4633133.73000000,11035907.65000000,12157024.53000000,20863646.80000000
4331297.35000000,567555.64000000,4633133.73000000,18366468.08000000,1116594.94400000,18916244.34000000
4331297.35000000,567555.64000000,4633133.73000000,18137057.07000000,-1610199.07100000,19215441.45000000
4331297.35000000,567555.64000000,4633133.73000000,25973170.65000000,1847434.84100000,5370303.12100000
4282710.06000000,986659.42000000,4609469.77000000,25553879.88000000,-6347398.96200000,3437309.35400000
4282710.06000000,986659.42000000,4609469.77000000,20785809.82000000,7714434.29100000,14987890.38000000
4282710.06000000,986659.42000000,4609469.77000000,11035907.65000000,12157024.53000000,20863646.80000000
4282710.06000000,986659.42000000,4609469.77000000,18366468.08000000,1116594.94400000,18916244.34000000
4282710.06000000,986659.42000000,4609469.77000000,18137057.07000000,-1610199.07100000,19215441.45000000
4282710.06000000,986659.42000000,4609469.77000000,25973170.65000000,1847434.84100000,5370303.12100000
